    0.111391353607177734E+02    0.115426940917968750E+02    0.915102910995483398E+01    0.300787353515625000E+01    0.665104150772094727E+01    0.547673702239990234E+00    0.613808751106262207E+02    0.633092761039733887E+01   -0.180985874691474847E+08   -0.599146350544150419E+01    1
    0.115756602287292480E+02   -0.118454160690307617E+02    0.241142320632934570E+01    0.565450143814086914E+01    0.299150848388671875E+01    0.638098537921905518E+00    0.593669295310974121E+02    0.155091357231140137E+02   -0.747826304949111212E+07   -0.599396350544151169E+01    1
    0.114832921028137207E+02    0.101417326927185059E+02    0.416217327117919922E+00   -0.108497257232666016E+02    0.891627645492553711E+01    0.630593061447143555E+00    0.135005950927734375E+02    0.410301089286804199E+01   -0.475092401932021230E+07   -0.599646350544151474E+01    1
    0.102855920791625977E+02   -0.110899758338928223E+02    0.107112636566162109E+02    0.392506742477416992E+01    0.501960754394531250E+00    0.447135508060455322E+00    0.100973308086395264E+02    0.771563291549682617E+01   -0.232112998235393735E+07   -0.599896350544151957E+01    1
    0.116060843467712402E+02    0.554121351242065430E+01    0.316854715347290039E+01    0.448942995071411133E+01    0.808964967727661133E+01    0.751045227050781250E+00    0.687796413898468018E+02    0.334774613380432129E+01   -0.149741425878212717E+07   -0.600146350544151552E+01    1
    0.119126014709472656E+02    0.577679586410522461E+01   -0.193454360961914062E+01   -0.794584035873413086E+01    0.968022966384887695E+01    0.471510767936706543E+00    0.308997035026550293E+01    0.307498335838317871E+01   -0.141751276576294680E+07   -0.600396350544151858E+01    1
    0.114480643272399902E+02   -0.118380260467529297E+02   -0.930423259735107422E+01   -0.115846009254455566E+02   -0.106664171218872070E+02    0.582004427909851074E+00    0.940204322338104248E+02    0.189740300178527832E+01   -0.129976545785894128E+07   -0.600646350544151630E+01    1
    0.109813256263732910E+02   -0.109753689765930176E+02   -0.767801284790039062E+00   -0.474406242370605469E+01   -0.733144283294677734E+00    0.866349220275878906E+00    0.895140111446380615E+02    0.810383081436157227E+01   -0.127636342198412050E+07   -0.600896350544152469E+01    1
    0.974696731567382812E+01   -0.104962749481201172E+02    0.991300821304321289E+01   -0.701370620727539062E+01    0.486346578598022461E+01    0.857558548450469971E+00    0.507879674434661865E+02    0.804183602333068848E+01   -0.121129831998906727E+07   -0.601146350544151886E+01    1
    0.115639500617980957E+02    0.569284486770629883E+01   -0.618789196014404297E+00    0.113924732208251953E+02   -0.417399358749389648E+01    0.142982661724090576E+00    0.460884571075439453E+02    0.177024531364440918E+02   -0.110263686045586504E+07   -0.601396350544150859E+01    1
    0.106908431053161621E+02    0.850129938125610352E+01    0.924101400375366211E+01   -0.104850797653198242E+02   -0.935785388946533203E+01    0.826695382595062256E+00    0.151498675346374512E+02    0.553980350494384766E+01   -0.107517738164812303E+07   -0.601646350544151520E+01    1
    0.103658652305603027E+02    0.113690943717956543E+02   -0.184707355499267578E+01    0.352462577819824219E+01   -0.322242736816406250E+01    0.410549521446228027E+00    0.303401768207550049E+02    0.226942658424377441E+01   -0.944888180615043617E+06   -0.601896350544151559E+01    1
    0.111245799064636230E+02    0.792966699600219727E+01   -0.628171062469482422E+01    0.908216857910156250E+01    0.608924961090087891E+01    0.449041247367858887E+00    0.516114830970764160E+02    0.728271722793579102E+01   -0.690722814449756755E+06   -0.602146350544152753E+01    1
    0.114429016113281250E+02   -0.504130411148071289E+01    0.791725587844848633E+01   -0.739398908615112305E+01    0.695720672607421875E+00    0.488681852817535400E+00    0.152679860591888428E+02    0.132525563240051270E+02   -0.594136894243499497E+06   -0.602396350544153325E+01    1
    0.104816865921020508E+02   -0.972236824035644531E+01   -0.300952434539794922E+00   -0.106763935089111328E+02    0.964364862442016602E+01    0.519924163818359375E+00    0.418970942497253418E+02    0.744754791259765625E+01   -0.458193902128041955E+06   -0.602646350544152298E+01    1
    0.110876655578613281E+02    0.818855381011962891E+01   -0.116136889457702637E+02    0.512660408020019531E+01    0.129342842102050781E+01    0.196114778518676758E-01    0.168895304203033447E+02    0.177808094024658203E+02   -0.382877574622121116E+06   -0.602896350544150561E+01    1
    0.100969676971435547E+02   -0.109152545928955078E+02   -0.189757919311523438E+01   -0.112107267379760742E+02    0.101456308364868164E+02    0.765087604522705078E+00    0.832296550273895264E+02    0.220595717430114746E+01   -0.343642344495589146E+06   -0.603146350544150955E+01    1
    0.110238347053527832E+02    0.492478609085083008E+01    0.479035520553588867E+01   -0.322856855392456055E+01    0.225863742828369141E+01    0.416498839855194092E+00    0.721896052360534668E+02    0.758432269096374512E+01   -0.339296879419113917E+06   -0.603396350544152682E+01    1
    0.108157811164855957E+02    0.547994756698608398E+01    0.476799201965332031E+01    0.126301717758178711E+01    0.818880701065063477E+01    0.841765999794006348E+00    0.334650158882141113E+02    0.507109284400939941E+01   -0.327388212561029592E+06   -0.603646350544153165E+01    1
    0.108503923416137695E+02   -0.888912248611450195E+01    0.156667900085449219E+01   -0.125993299484252930E+01   -0.922554731369018555E+01    0.263494491577148438E+00    0.991306602954864502E+02    0.551062822341918945E+01   -0.287423167782058124E+06   -0.603896350544152227E+01    1
    0.112765731811523438E+02    0.596284389495849609E+01   -0.101677093505859375E+02    0.112263536453247070E+02   -0.222142410278320312E+01    0.471533417701721191E+00    0.866840481758117676E+02    0.185382878780364990E+02   -0.287278403669817373E+06   -0.604146350544151556E+01    1
    0.118381733894348145E+02    0.123516511917114258E+01    0.121271610260009766E+00   -0.889873981475830078E+01    0.101755256652832031E+02    0.933447659015655518E+00    0.892772793769836426E+02    0.148512232303619385E+02   -0.274144093964645755E+06   -0.604396350544152039E+01    1
    0.989130163192749023E+01    0.915662527084350586E+01   -0.149034118652343750E+01    0.798253154754638672E+01    0.871843242645263672E+01    0.796580910682678223E-01    0.361563801765441895E+02    0.175377666950225830E+02   -0.166425219125725096E+06   -0.604646350544152966E+01    1
    0.117521553039550781E+02   -0.499505710601806641E+01   -0.426346206665039062E+01   -0.553921222686767578E+00    0.314805793762207031E+01    0.311011672019958496E-01    0.412304401397705078E+01    0.120789515972137451E+02   -0.147008286513282830E+06   -0.604896350544152206E+01    1
    0.118673644065856934E+02   -0.444754743576049805E+01   -0.855540418624877930E+01    0.992585992813110352E+01    0.532179307937622070E+01    0.646161317825317383E+00    0.976349830627441406E+02    0.235686779022216797E+01   -0.113212521247293887E+06   -0.605146350544152156E+01    1
    0.877640962600708008E+01    0.101309695243835449E+02    0.101207156181335449E+02    0.702777528762817383E+01    0.119933924674987793E+02    0.157356858253479004E+00    0.867954075336456299E+02    0.405605673789978027E+01   -0.106782732582790632E+06   -0.605396350544152995E+01    1
    0.108786263465881348E+02    0.365482664108276367E+01    0.106176996231079102E+01   -0.271644973754882812E+01   -0.800036716461181641E+01    0.662937104701995850E+00    0.803229808807373047E+01    0.740122079849243164E+01   -0.102771018780853497E+06   -0.605646350544151790E+01    1
    0.101818757057189941E+02   -0.798971843719482422E+01    0.839504241943359375E+01    0.864608144760131836E+01   -0.288607835769653320E+01    0.731737434864044189E+00    0.806022882461547852E+02    0.565253257751464844E+01   -0.100307025770050968E+06   -0.605896350544151829E+01    1
    0.109165477752685547E+02    0.872835159301757812E+00    0.104209127426147461E+02   -0.330817794799804688E+01   -0.930200242996215820E+01    0.810584008693695068E+00    0.870469331741333008E+02    0.123746502399444580E+02   -0.885094194049460493E+05   -0.606146350544153112E+01    1
    0.113443393707275391E+02    0.221692085266113281E+00    0.850513458251953125E+00   -0.935258388519287109E+01    0.908812952041625977E+01    0.921759486198425293E+00    0.127836406230926514E+02    0.444638609886169434E+01   -0.828046435790107644E+05   -0.606396350544153950E+01    1
    0.110710287094116211E+02   -0.332488775253295898E+01    0.748138332366943359E+01   -0.502576732635498047E+01   -0.119233303070068359E+02    0.808710396289825439E+00    0.837149918079376221E+02    0.158704161643981934E+01   -0.812222268249556510E+05   -0.606646350544153368E+01    1
    0.974810171127319336E+01    0.112533473968505859E+02   -0.113497524261474609E+02   -0.678384876251220703E+01   -0.498563861846923828E+01    0.256287693977355957E+00    0.794109880924224854E+02    0.790567994117736816E+01   -0.739779628859403456E+05   -0.606896350544153407E+01    1
    0.979518699645996094E+01    0.492880582809448242E+01    0.996159696578979492E+01    0.726296854019165039E+01    0.772176218032836914E+01    0.877224564552307129E+00    0.756844997406005859E+02    0.665556430816650391E+01   -0.671508054406819574E+05   -0.607146350544153712E+01    1
    0.972554397583007812E+01    0.998475837707519531E+01   -0.892381238937377930E+01   -0.252611160278320312E+01    0.656338977813720703E+01    0.933214724063873291E+00    0.704767227172851562E+02    0.185649073123931885E+02   -0.609249140296058031E+05   -0.607396350544151886E+01    1
    0.103700652122497559E+02    0.395450162887573242E+01    0.288704395294189453E+01    0.247660160064697266E+01    0.961656332015991211E+01    0.455132603645324707E+00    0.469910025596618652E+02    0.171507811546325684E+02   -0.602687017196674278E+05   -0.607646350544150149E+01    1
    0.872812414169311523E+01   -0.100693888664245605E+02    0.111338567733764648E+02    0.151333522796630859E+01   -0.631954765319824219E+01    0.117360055446624756E+00    0.247862458229064941E+02    0.824786663055419922E+01   -0.577468845816660687E+05   -0.607896350544150277E+01    1
    0.114032578468322754E+02   -0.188099384307861328E+01   -0.833822965621948242E+01    0.707799768447875977E+01    0.383005142211914062E-01    0.106152713298797607E+00    0.221821069717407227E+01    0.141433811187744141E+02   -0.444179172097188712E+05   -0.608146350544151737E+01    1
    0.112369723320007324E+02   -0.245843553543090820E+01   -0.559866142272949219E+01   -0.102888135910034180E+02    0.117623505592346191E+02    0.762025952339172363E+00    0.839756131172180176E+01    0.163595461845397949E+02   -0.375660071146064656E+05   -0.608396350544153197E+01    1
    0.972762537002563477E+01    0.458126735687255859E+01    0.578231477737426758E+01    0.103848295211791992E+02    0.681831836700439453E+00    0.414072453975677490E+00    0.959368288516998291E+02    0.179502022266387939E+02   -0.335297787639616145E+05   -0.608646350544153236E+01    1
    0.106509490013122559E+02    0.387259626388549805E+01   -0.115807743072509766E+02    0.684246110916137695E+01    0.759710311889648438E+01    0.544807672500610352E+00    0.595359802246093750E+01    0.187021851539611816E+02   -0.330987170108102437E+05   -0.608896350544152032E+01    1
    0.103960504531860352E+02   -0.353425025939941406E+01    0.624825096130371094E+01   -0.797915267944335938E+01   -0.100411262512207031E+02    0.604798555374145508E+00    0.719625174999237061E+02    0.510669946670532227E+01   -0.223035321645359945E+05   -0.609146350544151804E+01    1
    0.945483398437500000E+01    0.804206371307373047E+01   -0.610224723815917969E+01   -0.141271877288818359E+01   -0.361364078521728516E+01    0.147085964679718018E+00    0.821392476558685303E+02    0.113688361644744873E+02   -0.199208935416707282E+05   -0.609396350544151844E+01    1
    0.109876170158386230E+02   -0.548995399475097656E+01   -0.114041633605957031E+02    0.915486860275268555E+01    0.259802341461181641E+00    0.146489322185516357E+00    0.789631009101867676E+02    0.876758217811584473E+01   -0.198557686758863529E+05   -0.609646350544151083E+01    1
    0.900473070144653320E+01    0.764312410354614258E+01    0.323230934143066406E+01    0.940894603729248047E+00   -0.371206712722778320E+01    0.206278026103973389E+00    0.321735322475433350E+02    0.143443584442138672E+02   -0.185275277004840646E+05   -0.609896350544150234E+01    1
    0.107975935935974121E+02   -0.265028572082519531E+01   -0.485539340972900391E+01   -0.479054975509643555E+01   -0.384682989120483398E+01    0.920314192771911621E+00    0.821187198162078857E+02    0.191878366470336914E+02   -0.152321435919493269E+05   -0.610146350544149918E+01    1
    0.101830744743347168E+02   -0.870482397079467773E+01   -0.804765844345092773E+01    0.118054389953613281E+01   -0.713913345336914062E+01    0.320663332939147949E+00    0.832385241985321045E+02    0.187408113479614258E+02   -0.149492761035203766E+05   -0.610396350544150579E+01    1
    0.949468517303466797E+01    0.455880975723266602E+01    0.668832063674926758E+01   -0.108538999557495117E+02   -0.757563686370849609E+01    0.290724337100982666E+00    0.823154449462890625E+01    0.172904896736145020E+02   -0.135024782926718144E+05   -0.610646350544152394E+01    1
    0.865522670745849609E+01   -0.793358659744262695E+01    0.679736566543579102E+01   -0.116463603973388672E+02   -0.562426900863647461E+01    0.715689599514007568E+00    0.567897796630859375E+02    0.748753786087036133E+01   -0.131411029257956834E+05   -0.610896350544153233E+01    1
    0.877063608169555664E+01   -0.117289481163024902E+02   -0.867008686065673828E+00    0.782305812835693359E+01    0.244257259368896484E+01    0.699551582336425781E+00    0.110360145568847656E+02    0.496860742568969727E+01   -0.116246194413434805E+05   -0.611146350544151318E+01    1
    0.810469865798950195E+01    0.975583362579345703E+01    0.171838617324829102E+01    0.108223443031311035E+02    0.752382802963256836E+01    0.984807133674621582E+00    0.864897549152374268E+02    0.436285138130187988E+01   -0.984690718349246345E+04   -0.611396350544150202E+01    1
    0.848588132858276367E+01    0.104393577575683594E+02   -0.820767402648925781E+01    0.100442690849304199E+02    0.596006155014038086E+01    0.125781953334808350E+00    0.204805016517639160E+02    0.176361131668090820E+02   -0.945594459789651592E+04   -0.611646350544151840E+01    1
    0.861040306091308594E+01    0.667828702926635742E+01    0.959206581115722656E+01   -0.756619548797607422E+01    0.452168941497802734E+00    0.130020737648010254E+00    0.818738639354705811E+02    0.291974067687988281E+01   -0.907330237001032401E+04   -0.611896350544151613E+01    1
    0.105512123107910156E+02   -0.500889301300048828E+00   -0.960964822769165039E+01   -0.605806589126586914E+01   -0.113643321990966797E+02    0.380709111690521240E+00    0.481893599033355713E+02    0.146936774253845215E+01   -0.873097696632160114E+04   -0.612146350544151030E+01    1
    0.919604301452636719E+01    0.474207115173339844E+01    0.439503192901611328E+00    0.110423398017883301E+02   -0.501717424392700195E+01    0.470421075820922852E+00    0.881169736385345459E+02    0.124007582664489746E+01   -0.747163416933455119E+04   -0.612396350544150803E+01    1
    0.873591899871826172E+01    0.490180063247680664E+01    0.640915918350219727E+01    0.841288805007934570E+01    0.244614458084106445E+01    0.593977808952331543E+00    0.207301557064056396E+02    0.106283926963806152E+02   -0.582019001506459972E+04   -0.612646350544151108E+01    1
    0.100863146781921387E+02   -0.728021049499511719E+01   -0.100468082427978516E+02    0.419871425628662109E+01   -0.106005377769470215E+02    0.443990230560302734E+00    0.102746963500976562E+02    0.132485651969909668E+02   -0.574818949663419244E+04   -0.612896350544151858E+01    1
    0.829664611816406250E+01    0.901889276504516602E+01   -0.126752328872680664E+01   -0.417728376388549805E+01    0.877693748474121094E+01    0.306951820850372314E+00    0.476553499698638916E+02    0.634768605232238770E+01   -0.524297977861453273E+04   -0.613146350544150476E+01    1
    0.906623697280883789E+01   -0.645890951156616211E+01    0.302059936523437500E+01   -0.649816131591796875E+01    0.552622747421264648E+01    0.213162779808044434E+00    0.746944248676300049E+02    0.861785173416137695E+01   -0.519539860479055551E+04   -0.613396350544150160E+01    1
    0.100241217613220215E+02   -0.371895074844360352E+01   -0.305258846282958984E+01   -0.110593113899230957E+02    0.549585914611816406E+01    0.510103046894073486E+00    0.900036454200744629E+02    0.810190320014953613E+01   -0.518909642144866211E+04   -0.613646350544149932E+01    1
    0.939475536346435547E+01   -0.634335851669311523E+01    0.260318183898925781E+01    0.346028995513916016E+01    0.268852758407592773E+01    0.962503910064697266E+00    0.966140985488891602E+02    0.528450131416320801E+01   -0.482893753642758202E+04   -0.613896350544150327E+01    1
    0.907132673263549805E+01    0.657432603836059570E+01   -0.104986739158630371E+02    0.632626104354858398E+01    0.162708091735839844E+01    0.461795747280120850E+00    0.822357833385467529E+02    0.166135931015014648E+02   -0.441138381686969660E+04   -0.614146350544151343E+01    1
    0.857538986206054688E+01    0.502498483657836914E+01    0.508672142028808594E+01    0.775506305694580078E+01    0.109295868873596191E+02    0.117922484874725342E+00    0.681922912597656250E+02    0.542663931846618652E+01   -0.415237050572480075E+04   -0.614396350544152714E+01    1
    0.898507261276245117E+01   -0.980655384063720703E+01   -0.106119289398193359E+02   -0.101289811134338379E+02    0.935533475875854492E+01    0.424485206604003906E-01    0.614339590072631836E+02    0.338972568511962891E+01   -0.359157559811171814E+04   -0.614646350544152309E+01    1
    0.883584165573120117E+01    0.319007349014282227E+01    0.804751682281494141E+01    0.319076585769653320E+01   -0.114586501121520996E+02    0.702705979347229004E-01    0.110347986221313477E+02    0.889714956283569336E+00   -0.343479601915393914E+04   -0.614896350544151282E+01    1
    0.915527057647705078E+01   -0.323151826858520508E+01    0.105356225967407227E+02   -0.435666275024414062E+01   -0.493028354644775391E+01    0.947158813476562500E+00    0.729736924171447754E+02    0.773644447326660156E+01   -0.331470423197384707E+04   -0.615146350544152742E+01    1
    0.755853509902954102E+01    0.863799619674682617E+01    0.726803970336914062E+01    0.318758726119995117E+01    0.667692375183105469E+01    0.560187101364135742E+00    0.635733962059020996E+02    0.881662726402282715E+01   -0.324198523877529215E+04   -0.615396350544151360E+01    1
    0.739680433273315430E+01   -0.850294160842895508E+01    0.943615150451660156E+01   -0.634039020538330078E+01    0.106584405899047852E+02    0.386007189750671387E+00    0.485796928405761719E+02    0.101647150516510010E+02   -0.323932562511012702E+04   -0.615646350544150067E+01    1
    0.742507553100585938E+01   -0.993132734298706055E+01    0.577724647521972656E+01   -0.854541921615600586E+01   -0.896065807342529297E+01    0.594748139381408691E+00    0.910713970661163330E+02    0.877600789070129395E+01   -0.275937346906494986E+04   -0.615896350544150195E+01    1
    0.868531751632690430E+01   -0.590548181533813477E+01    0.387195682525634766E+01   -0.101094660758972168E+02   -0.634043884277343750E+01    0.949971139430999756E+00    0.735149681568145752E+02    0.597698926925659180E+01   -0.227685338689228456E+04   -0.616146350544151922E+01    1
    0.735767412185668945E+01    0.938627672195434570E+01    0.127014970779418945E+01    0.106800642013549805E+02   -0.376550102233886719E+01    0.111914575099945068E+00    0.191589593887329102E+02    0.166187667846679688E+02   -0.198356977620738553E+04   -0.616396350544152849E+01    1
    0.917369699478149414E+01   -0.581853818893432617E+01   -0.284108018875122070E+01   -0.522595739364624023E+01   -0.158202123641967773E+01    0.136143326759338379E+00    0.681387186050415039E+02    0.798578500747680664E+01   -0.184124466787838082E+04   -0.616646350544150668E+01    1
    0.799158811569213867E+01   -0.106034402847290039E+02   -0.247221565246582031E+01   -0.957163810729980469E+00   -0.407588911056518555E+01    0.285918831825256348E+00    0.175164818763732910E+02    0.489279627799987793E+01   -0.175349007429954418E+04   -0.616896350544149996E+01    1
    0.864836311340332031E+01   -0.428934144973754883E+01    0.490810632705688477E+01   -0.803820562362670898E+01    0.379469347000122070E+01    0.569935560226440430E+00    0.641589701175689697E+02    0.105937266349792480E+02   -0.136452308831857408E+04   -0.617146350544152167E+01    1
    0.840489149093627930E+01   -0.696673536300659180E+01    0.642481899261474609E+01    0.110350413322448730E+02   -0.656721925735473633E+01    0.982595205307006836E+00    0.110795557498931885E+02    0.159708583354949951E+02   -0.133272597483132563E+04   -0.617396350544153449E+01    1
    0.903701305389404297E+01   -0.711321544647216797E+01   -0.444514989852905273E+01    0.116958661079406738E+02   -0.812037134170532227E+01    0.353604733943939209E+00    0.243200182914733887E+02    0.158216023445129395E+02   -0.127183303568672704E+04   -0.617646350544151179E+01    1
    0.919065427780151367E+01    0.717072486877441406E-01   -0.384822320938110352E+01   -0.259221839904785156E+01    0.577795886993408203E+01    0.776145398616790771E+00    0.724056899547576904E+02    0.956969261169433594E+01   -0.126295891872728498E+04   -0.617896350544150152E+01    1
    0.751920175552368164E+01   -0.102264332771301270E+02   -0.126929283142089844E-01    0.296718549728393555E+01    0.115271859169006348E+02    0.380649149417877197E+00    0.385242819786071777E+02    0.198362624645233154E+02   -0.114105422478320384E+04   -0.618146350544150103E+01    1
    0.880079841613769531E+01   -0.949041366577148438E+00    0.749472713470458984E+01   -0.400227069854736328E+01   -0.349053382873535156E+00    0.944828391075134277E+00    0.445088624954223633E+02    0.114965474605560303E+02   -0.111416266505715976E+04   -0.618396350544151829E+01    1
    0.689518547058105469E+01   -0.922541141510009766E+01    0.549784755706787109E+01   -0.466262197494506836E+01    0.648958826065063477E+01    0.273523092269897461E+00    0.955444693565368652E+02    0.103427541255950928E+02   -0.955085482222790915E+03   -0.618646350544152934E+01    1
    0.706328773498535156E+01    0.753614759445190430E+01    0.952565860748291016E+01   -0.913897848129272461E+01   -0.548479557037353516E+01    0.468362271785736084E+00    0.819696187973022461E+02    0.217291712760925293E+01   -0.954752572495712570E+03   -0.618896350544151730E+01    1
    0.766897916793823242E+01   -0.846071577072143555E+01   -0.224658966064453125E+00   -0.844439220428466797E+01   -0.180311679840087891E+00    0.662812530994415283E+00    0.905074715614318848E+02    0.149556994438171387E+02   -0.936787694550116385E+03   -0.619146350544153012E+01    1
    0.742108440399169922E+01    0.877962827682495117E+01   -0.673418283462524414E+01    0.489994239807128906E+01   -0.591770124435424805E+01    0.723697245121002197E+00    0.804312825202941895E+01    0.494908809661865234E+01   -0.913488901893545403E+03   -0.619396350544153673E+01    1
    0.698151826858520508E+01    0.109390554428100586E+02   -0.833959007263183594E+01    0.149920606613159180E+01    0.119234476089477539E+02    0.351964294910430908E+00    0.183211028575897217E+02    0.189278709888458252E+02   -0.882774663746720421E+03   -0.619646350544151137E+01    1
    0.705652427673339844E+01    0.799542760848999023E+01    0.331418895721435547E+01   -0.143609619140625000E+01    0.772602796554565430E+01    0.165993988513946533E+00    0.218716263771057129E+02    0.631947517395019531E+00   -0.861789173585716185E+03   -0.619896350544150465E+01    1
    0.829631996154785156E+01    0.451002931594848633E+01   -0.780649137496948242E+01   -0.191691827774047852E+01   -0.578694677352905273E+01    0.685709774494171143E+00    0.342945814132690430E+02    0.946947336196899414E+01   -0.823819740871341196E+03   -0.620146350544151748E+01    1
    0.777170991897583008E+01    0.485759782791137695E+01    0.179607295989990234E+01    0.197653055191040039E+01   -0.717616367340087891E+01    0.345250725746154785E+00    0.715510487556457520E+02    0.199187302589416504E+02   -0.815924551645927522E+03   -0.620396350544150987E+01    1
    0.893294620513916016E+01   -0.131850385665893555E+01   -0.811612558364868164E+01   -0.401118850708007812E+01   -0.104788956642150879E+02    0.623637259006500244E+00    0.875953018665313721E+02    0.744432210922241211E+00   -0.739514125843930856E+03   -0.620646350544149783E+01    1
    0.877268886566162109E+01   -0.181267547607421875E+01   -0.489977788925170898E+01    0.318026590347290039E+01    0.273536539077758789E+01    0.128198742866516113E+00    0.295435786247253418E+02    0.384222626686096191E+01   -0.687548038069587847E+03   -0.620896350544150710E+01    1
    0.660374450683593750E+01    0.808093500137329102E+01    0.393499231338500977E+01    0.736285257339477539E+01    0.249554443359375000E+01    0.778232097625732422E+00    0.536951422691345215E+01    0.754868626594543457E+01   -0.663098881856905905E+03   -0.621146350544150838E+01    1
    0.823857879638671875E+01   -0.384639930725097656E+01    0.437763977050781250E+01   -0.230741071701049805E+01    0.138628435134887695E+01    0.227890610694885254E+00    0.339563488960266113E+02    0.150521504878997803E+02   -0.660689230590787702E+03   -0.621396350544150700E+01    1
    0.681943130493164062E+01    0.627186870574951172E+01    0.103966155052185059E+02   -0.537382507324218750E+01   -0.118999829292297363E+02    0.454807281494140625E-02    0.567101418972015381E+02    0.152839636802673340E+02   -0.635274407895698459E+03   -0.621646350544150472E+01    1
    0.674697732925415039E+01    0.929390716552734375E+01   -0.489027500152587891E+01    0.101238155364990234E+01    0.951695823669433594E+01    0.202007651329040527E+00    0.799672603607177734E+01    0.939796924591064453E+01   -0.614189483147522083E+03   -0.621896350544153709E+01    1
    0.663648748397827148E+01    0.784355878829956055E+01    0.291675567626953125E+00    0.107834029197692871E+02    0.115444178581237793E+02    0.780484795570373535E+00    0.151012897491455078E+02    0.769782066345214844E+01   -0.601595853197692236E+03   -0.622146350544152416E+01    1
    0.835462474822998047E+01   -0.262590408325195312E+01    0.238545942306518555E+01   -0.472233295440673828E+01   -0.114765000343322754E+02    0.223941743373870850E+00    0.270865082740783691E+02    0.386966586112976074E+01   -0.596227426833116056E+03   -0.622396350544153076E+01    1
    0.692034387588500977E+01    0.976308488845825195E+01   -0.109557909965515137E+02    0.563172340393066406E+00    0.168344020843505859E+01    0.296562492847442627E+00    0.224647819995880127E+02    0.678661942481994629E+01   -0.593936239261883088E+03   -0.622646350544153204E+01    1
    0.835234165191650391E+01    0.769708156585693359E+00   -0.401948118209838867E+01   -0.118746657371520996E+02    0.192992591857910156E+01    0.281092524528503418E+00    0.474051594734191895E+02    0.120132827758789062E+02   -0.587598986118053745E+03   -0.622896350544151112E+01    1
    0.802859544754028320E+01    0.179802131652832031E+01   -0.193709850311279297E+00   -0.105532150268554688E+02   -0.117281913757324219E+00    0.894972801208496094E+00    0.696077287197113037E+02    0.205184936523437500E+01   -0.568228299551851705E+03   -0.623146350544149907E+01    1
    0.826742076873779297E+01   -0.473196029663085938E+00   -0.195475959777832031E+01    0.669908237457275391E+01    0.575543689727783203E+01    0.362795591354370117E+00    0.464302241802215576E+02    0.588184714317321777E+01   -0.565003923458590293E+03   -0.623396350544151101E+01    1
    0.673664617538452148E+01    0.749462556838989258E+01    0.200531387329101562E+01   -0.642412662506103516E+01    0.401801633834838867E+01    0.601977050304412842E+00    0.998455524444580078E+02    0.682159662246704102E+01   -0.560889535723536028E+03   -0.623646350544152739E+01    1
    0.711429405212402344E+01    0.379953718185424805E+01    0.118463888168334961E+02   -0.100556316375732422E+02   -0.107274713516235352E+02    0.559835791587829590E+00    0.859884679317474365E+02    0.785507678985595703E+01   -0.556337541596183314E+03   -0.623896350544154199E+01    1
    0.812713766098022461E+01   -0.921781539916992188E+00   -0.402182579040527344E+00   -0.115452618598937988E+02    0.739164304733276367E+01    0.562131404876708984E-01    0.842568695545196533E+02    0.109652674198150635E+02   -0.523365099480428512E+03   -0.624146350544154416E+01    1
    0.796734809875488281E+01   -0.127357149124145508E+01    0.412881231307983398E+01    0.118277535438537598E+02   -0.614391946792602539E+01    0.868768274784088135E+00    0.327370166778564453E+01    0.171640062332153320E+02   -0.521267341878708407E+03   -0.624396350544154188E+01    1
    0.625950336456298828E+01    0.837293815612792969E+01    0.616009712219238281E+00    0.866985082626342773E+01   -0.965928983688354492E+01    0.589399576187133789E+00    0.933488607406616211E+02    0.129806995391845703E+00   -0.514172775681731423E+03   -0.624646350544154139E+01    1
    0.828114652633666992E+01   -0.689952850341796875E+00   -0.840818309783935547E+01   -0.779891967773437500E+01   -0.817014169692993164E+01    0.132574379444122314E+00    0.247403144836425781E+02    0.981653332710266113E+01   -0.512304705170521856E+03   -0.624896350544154089E+01    1
    0.657180118560791016E+01    0.600246191024780273E+01    0.501581096649169922E+01    0.446297550201416016E+01   -0.502157449722290039E+01    0.796806812286376953E-01    0.426292538642883301E+02    0.328582525253295898E+01   -0.508907746210741948E+03   -0.625146350544151908E+01    1
    0.748011875152587891E+01   -0.382649803161621094E+01    0.724594402313232422E+01   -0.103900909423828125E+01    0.313932037353515625E+01    0.876899242401123047E+00    0.305964529514312744E+02    0.180383086204528809E+02   -0.497655076366087656E+03   -0.625396350544150437E+01    1
    0.655820131301879883E+01    0.748126316070556641E+01   -0.193266677856445312E+01   -0.374439239501953125E+00   -0.854932308197021484E+01    0.621941745281219482E+00    0.224090278148651123E+02    0.145527672767639160E+02   -0.491649811460445676E+03   -0.625646350544151275E+01    1
    0.722782516479492188E+01   -0.361595678329467773E+01    0.105779900550842285E+02    0.637403011322021484E+01    0.742848587036132812E+01    0.239283263683319092E+00    0.202887892723083496E+02    0.143164539337158203E+02   -0.476418854496341623E+03   -0.625896350544152913E+01    1
    0.756863021850585938E+01    0.322978019714355469E+01   -0.916137742996215820E+01   -0.758233594894409180E+01    0.417061328887939453E+00    0.217106938362121582E-01    0.806588530540466309E+01    0.600073218345642090E+01   -0.473998936983355804E+03   -0.626146350544153396E+01    1
    0.734199142456054688E+01   -0.755323219299316406E+01   -0.682815027236938477E+01   -0.313080310821533203E+01    0.116974697113037109E+02    0.270090103149414062E-01    0.752624213695526123E+02    0.172027552127838135E+02   -0.472075619032239672E+03   -0.626396350544151304E+01    1
    0.758226299285888672E+01    0.794822216033935547E+00   -0.616404533386230469E+00   -0.338105964660644531E+01   -0.158411264419555664E+01    0.494271874427795410E+00    0.475155830383300781E+02    0.142909765243530273E+02   -0.469275871214924337E+03   -0.626646350544151076E+01    1
    0.797567367553710938E+01   -0.373939990997314453E+01   -0.841528558731079102E+01    0.941429615020751953E+00   -0.912182664871215820E+01    0.961040019989013672E+00    0.139451146125793457E+02    0.110814189910888672E+02   -0.466756430689553952E+03   -0.626896350544153069E+01    1
    0.565497779846191406E+01   -0.109431209564208984E+02    0.466878747940063477E+01    0.619918870925903320E+01    0.521095275878906250E+00    0.109607160091400146E+00    0.609478056430816650E+02    0.122926568984985352E+02   -0.465843906786520222E+03   -0.627146350544152575E+01    1
    0.759851789474487305E+01   -0.586780071258544922E+01   -0.581660413742065430E+01   -0.326001977920532227E+01   -0.287513637542724609E+01    0.797058939933776855E-01    0.556661605834960938E+02    0.167094111442565918E+02   -0.463388295061854706E+03   -0.627396350544150305E+01    1
    0.581871271133422852E+01    0.998849487304687500E+01   -0.332915782928466797E+01   -0.718583822250366211E+01   -0.789517879486083984E+01    0.676572322845458984E+00    0.950501322746276855E+02    0.139762806892395020E+02   -0.457280816615403410E+03   -0.627646350544151854E+01    1
    0.767502593994140625E+01   -0.390874671936035156E+01   -0.536291313171386719E+01   -0.515528297424316406E+01    0.113894433975219727E+02    0.113676846027374268E+00    0.471357762813568115E+02    0.670107126235961914E+01   -0.456140667730973689E+03   -0.627896350544151893E+01    1
    0.427552843093872070E+01   -0.113119339942932129E+02    0.926685619354248047E+01   -0.788734674453735352E+01   -0.643374681472778320E+01    0.113125681877136230E+00    0.672686576843261719E+02    0.307153105735778809E+01   -0.446581567386672702E+03   -0.628146350544150600E+01    1
    0.738174676895141602E+01    0.164201688766479492E+01   -0.111517753601074219E+02   -0.326819944381713867E+01   -0.308813953399658203E+01    0.654230356216430664E+00    0.220709025859832764E+02    0.767677545547485352E+01   -0.443254614484026717E+03   -0.628396350544150373E+01    1
    0.759692287445068359E+01   -0.236857652664184570E+01   -0.105509290695190430E+02   -0.896262788772583008E+01   -0.468585205078125000E+01    0.652332425117492676E+00    0.303739964962005615E+02    0.150204801559448242E+02   -0.440915207375300497E+03   -0.628646350544151566E+01    1
    0.672777271270751953E+01    0.414574670791625977E+01   -0.701842260360717773E+01    0.573192501068115234E+01   -0.345492839813232422E+01    0.269693136215209961E-01    0.824808776378631592E+02    0.177296137809753418E+02   -0.440410413816643256E+03   -0.628896350544151872E+01    1
    0.677508258819580078E+01   -0.330097675323486328E+00    0.909590291976928711E+01    0.181617021560668945E+01    0.105041599273681641E+01    0.951425790786743164E+00    0.715668320655822754E+02    0.166351795196533203E+01   -0.437615545538418019E+03   -0.629146350544151289E+01    1
    0.686607885360717773E+01   -0.124163389205932617E+01    0.716714572906494141E+01    0.169814586639404297E+01    0.115345573425292969E+01    0.142261981964111328E+00    0.708772242069244385E+02    0.375952482223510742E+01   -0.435439046055790868E+03   -0.629396350544151328E+01    1
    0.550436925888061523E+01   -0.551904487609863281E+01    0.113105020523071289E+02   -0.518728065490722656E+01    0.996535634994506836E+01    0.683222353458404541E+00    0.287322342395782471E+02    0.474113225936889648E+01   -0.433813572735524076E+03   -0.629646350544151456E+01    1
    0.485755920410156250E+01    0.988547801971435547E+01    0.184046173095703125E+01   -0.158101272583007812E+01    0.103998456001281738E+02    0.578893959522247314E+00    0.945808708667755127E+02    0.775646448135375977E+01   -0.432878659666032036E+03   -0.629896350544151140E+01    1
    0.723865556716918945E+01   -0.465316629409790039E+01   -0.100078825950622559E+02   -0.461692285537719727E+01   -0.821964740753173828E+01    0.650669336318969727E-01    0.466829240322113037E+02    0.149545526504516602E+02   -0.432866741099553678E+03   -0.630146350544151979E+01    1
    0.597406053543090820E+01   -0.612718677520751953E+01    0.103973751068115234E+02    0.100121068954467773E+02   -0.624364042282104492E+01    0.801405727863311768E+00    0.183395385742187500E+02    0.593867182731628418E+01   -0.431112706417097286E+03   -0.630396350544154327E+01    1
    0.449469423294067383E+01    0.114505562782287598E+02    0.395324707031250000E+00   -0.319004201889038086E+01    0.118837237358093262E+02    0.152275741100311279E+00    0.742264270782470703E+02    0.142967104911804199E+01   -0.430959921547145882E+03   -0.630646350544153300E+01    1
    0.683714389801025391E+01   -0.349260807037353516E+01    0.200070190429687500E+01    0.114511156082153320E+02   -0.518617630004882812E+01    0.487329363822937012E-01    0.182546973228454590E+01    0.123413753509521484E+02   -0.429453250806430106E+03   -0.630896350544153339E+01    1
    0.541973733901977539E+01   -0.100888166427612305E+02    0.107248735427856445E+01    0.678948783874511719E+01   -0.329212903976440430E+01    0.548408389091491699E+00    0.852737069129943848E+02    0.132624936103820801E+02   -0.428788748168852806E+03   -0.631146350544152401E+01    1
    0.691679477691650391E+01   -0.156970739364624023E+01   -0.544397163391113281E+01    0.111121444702148438E+02   -0.428662204742431641E+01    0.316387474536895752E+00    0.391123294830322266E+01    0.911869406700134277E+01   -0.428331493692767253E+03   -0.631396350544150398E+01    1
    0.442388248443603516E+01    0.110466570854187012E+02   -0.105349731445312500E+01    0.446523284912109375E+01    0.429507923126220703E+01    0.246146440505981445E+00    0.350086092948913574E+01    0.135482466220855713E+02   -0.428326061694752411E+03   -0.631646350544151769E+01    1
    0.676187181472778320E+01    0.816441535949707031E+00   -0.105921692848205566E+02    0.895970821380615234E+01    0.903352975845336914E+01    0.297430396080017090E+00    0.867730081081390381E+02    0.454692840576171875E+01   -0.427793486296250364E+03   -0.631896350544152607E+01    1
    0.624007844924926758E+01   -0.384351682662963867E+01    0.851850128173828125E+01    0.924131298065185547E+01    0.704929161071777344E+01    0.215131819248199463E+00    0.205902338027954102E+02    0.669959425926208496E+01   -0.427190717745576933E+03   -0.632146350544152202E+01    1
    0.667190980911254883E+01    0.101771450042724609E+01   -0.780663585662841797E+01   -0.467253541946411133E+01    0.178091239929199219E+01    0.953761279582977295E+00    0.351878583431243896E+02    0.246473789215087891E+01   -0.427029920100047661E+03   -0.632396350544152774E+01    1
    0.521961736679077148E+01    0.452757167816162109E+01    0.838239812850952148E+01   -0.349070549011230469E+01    0.410690402984619141E+01    0.174195706844329834E+00    0.173640489578247070E+02    0.388196587562561035E+01   -0.425458060434677009E+03   -0.632646350544152636E+01    1
    0.419425964355468750E+01    0.109305853843688965E+02    0.167999124526977539E+01   -0.108695311546325684E+02   -0.907880830764770508E+01    0.699341297149658203E+00    0.738754630088806152E+02    0.379196643829345703E+01   -0.424978305592688571E+03   -0.632896350544151876E+01    1
    0.649234056472778320E+01   -0.195362663269042969E+01   -0.223603248596191406E+01   -0.110393443107604980E+02   -0.752660751342773438E+01    0.631865084171295166E+00    0.555521726608276367E+02    0.185956525802612305E+02   -0.424856812278936786E+03   -0.633146350544152003E+01    1
    0.632535123825073242E+01   -0.485400867462158203E+01   -0.523562479019165039E+01   -0.964121961593627930E+01    0.295554542541503906E+01    0.151395916938781738E+00    0.260351657867431641E+02    0.560520410537719727E+01   -0.424816240072359733E+03   -0.633396350544152309E+01    1
    0.653530740737915039E+01   -0.496654987335205078E+01   -0.982851791381835938E+01    0.102123913764953613E+02    0.710193157196044922E+01    0.728513419628143311E+00    0.434975504875183105E+02    0.196775329113006592E+02   -0.424373965647635202E+03   -0.633646350544152615E+01    1
    0.427512788772583008E+01   -0.109735693931579590E+02   -0.284344196319580078E+00   -0.465177440643310547E+01    0.621511888504028320E+01    0.769369065761566162E+00    0.552757680416107178E+02    0.733422398567199707E+01   -0.424201354560664868E+03   -0.633896350544152920E+01    1
    0.550477981567382812E+01   -0.257262325286865234E+01    0.112638101577758789E+02   -0.648729658126831055E+01    0.706634187698364258E+01    0.738480567932128906E+00    0.507908225059509277E+02    0.125957238674163818E+02   -0.424025828931087744E+03   -0.634146350544152781E+01    1
    0.491722297668457031E+01   -0.707939529418945312E+01    0.939838457107543945E+01    0.740940713882446289E+01   -0.426842451095581055E+01    0.897653520107269287E+00    0.161511659622192383E+02    0.703790187835693359E+01   -0.423697047953062224E+03   -0.634396350544151222E+01    1
    0.632471752166748047E+01   -0.877681732177734375E+00   -0.993367195129394531E+01    0.635563087463378906E+01   -0.340781736373901367E+01    0.548407137393951416E+00    0.649071156978607178E+02    0.325108170509338379E+01   -0.423511434664753267E+03   -0.634646350544149573E+01    1
    0.622090959548950195E+01   -0.455099344253540039E+01   -0.923378276824951172E+01   -0.103158316612243652E+02    0.554816293716430664E+01    0.525267660617828369E+00    0.207440495491027832E+02    0.441761016845703125E+01   -0.423430054294190654E+03   -0.634896350544151034E+01    1
    0.544282722473144531E+01    0.526366138458251953E+01   -0.903729343414306641E+01   -0.816568279266357422E+01    0.119103398323059082E+02    0.110914230346679688E+00    0.904834806919097900E+02    0.152221429347991943E+02   -0.423262031884854764E+03   -0.635146350544150984E+01    1
    0.539612388610839844E+01   -0.556119918823242188E+01    0.143283462524414062E+01   -0.940612220764160156E+01    0.916092395782470703E+00    0.739432394504547119E+00    0.227627754211425781E+02    0.750861406326293945E+01   -0.423255994345681870E+03   -0.635396350544149158E+01    1
    0.549064350128173828E+01    0.338973140716552734E+01   -0.389460182189941406E+01    0.411839389801025391E+01    0.352502775192260742E+01    0.248624980449676514E+00    0.736184716224670410E+01    0.199950981140136719E+02   -0.423251948317055110E+03   -0.635646350544149996E+01    1
    0.395908069610595703E+01    0.768043470382690430E+01    0.724487686157226562E+01    0.981380939483642578E+01   -0.384795713424682617E+01    0.845587849617004395E+00    0.997568786144256592E+02    0.127851152420043945E+02   -0.423215752301101304E+03   -0.635896350544152256E+01    1
    0.608601951599121094E+01   -0.415796327590942383E+01   -0.118315029144287109E+01    0.916690635681152344E+01   -0.111371169090270996E+02    0.895293116569519043E+00    0.903379082679748535E+02    0.151898050308227539E+02   -0.423198062785458433E+03   -0.636146350544152384E+01    1
    0.415475320816040039E+01    0.695487070083618164E+01    0.618128013610839844E+01    0.863560152053833008E+01    0.728756332397460938E+01    0.595364451408386230E+00    0.687402665615081787E+02    0.705295085906982422E+01   -0.423184776838411096E+03   -0.636396350544150557E+01    1
    0.447235393524169922E+01    0.743565702438354492E+01    0.562790393829345703E+00   -0.495057821273803711E+01    0.482619094848632812E+01    0.294192731380462646E+00    0.373775124549865723E+02    0.128776741027832031E+02   -0.423037782477449753E+03   -0.636646350544150952E+01    1
    0.527744579315185547E+01    0.325732755661010742E+01    0.135970687866210938E+01   -0.181827878952026367E+01   -0.631543779373168945E+01    0.237185299396514893E+00    0.906004071235656738E+02    0.152420568466186523E+02   -0.422981828481053640E+03   -0.636896350544151346E+01    1
    0.594951581954956055E+01   -0.314877891540527344E+01   -0.439043998718261719E+00   -0.660252428054809570E+01   -0.114499840736389160E+02    0.640126943588256836E+00    0.201036751270294189E+02    0.115329062938690186E+02   -0.422968118722703821E+03   -0.637146350544153250E+01    1
    0.518544816970825195E+01    0.200303363800048828E+01    0.904312276840209961E+01   -0.488142442703247070E+01   -0.622466039657592773E+01    0.878538429737091064E+00    0.440554320812225342E+02    0.175476336479187012E+02   -0.422926231465087142E+03   -0.637396350544155155E+01    1
    0.558239078521728516E+01   -0.217771053314208984E+00    0.676159429550170898E+01   -0.367693662643432617E+01   -0.312929105758666992E+01    0.638671636581420898E+00    0.895183563232421875E+02    0.167414617538452148E+02   -0.422865917841673706E+03   -0.637646350544152529E+01    1
    0.491134500503540039E+01   -0.661535453796386719E+01    0.168488645553588867E+01   -0.102786812782287598E+02   -0.127564144134521484E+01    0.513622879981994629E+00    0.292952179908752441E+02    0.170844864845275879E+02   -0.422818618970090824E+03   -0.637896350544150614E+01    1
    0.539703512191772461E+01    0.393670892715454102E+01   -0.746503543853759766E+01   -0.828686714172363281E+01    0.840496015548706055E+01    0.275104165077209473E+00    0.258478343486785889E+02    0.149746894836425781E+01   -0.422696213782498205E+03   -0.638146350544151897E+01    1
    0.539432144165039062E+01   -0.492290210723876953E+01    0.665215015411376953E+00   -0.626448011398315430E+01    0.170297098159790039E+01    0.434161841869354248E+00    0.190754532814025879E+01    0.335687398910522461E+00   -0.422597393961293051E+03   -0.638396350544152380E+01    1
    0.443721199035644531E+01    0.376347970962524414E+01    0.944307374954223633E+01    0.105200786590576172E+02    0.210573863983154297E+01    0.364282786846160889E+00    0.308408260345458984E+02    0.108355474472045898E+02   -0.422590199145275562E+03   -0.638646350544151620E+01    1
    0.496111106872558594E+01   -0.107200641632080078E+02   -0.118249926567077637E+02   -0.410977363586425781E+01   -0.657858467102050781E+01    0.348277270793914795E+00    0.673219740390777588E+02    0.762741804122924805E+01   -0.422532560083148724E+03   -0.638896350544153080E+01    1
    0.547570896148681641E+01    0.389105272293090820E+01   -0.111302232742309570E+02   -0.115047526359558105E+02   -0.105834002494812012E+02    0.926691293716430664E+00    0.508285582065582275E+02    0.978093624114990234E+01   -0.422517804148152265E+03   -0.639146350544153830E+01    1
    0.418392419815063477E+01    0.711986160278320312E+01    0.672343254089355469E+00    0.841263771057128906E+00    0.625185585021972656E+01    0.566848993301391602E+00    0.246617496013641357E+02    0.128785026073455811E+02   -0.422476074779614635E+03   -0.639396350544151737E+01    1
    0.518342828750610352E+01   -0.538589286804199219E+01    0.320089530944824219E+01   -0.927763938903808594E+00   -0.491297292709350586E+01    0.870030999183654785E+00    0.290613174438476562E+02    0.190319836139678955E+02   -0.422454240515740139E+03   -0.639646350544152220E+01    1
    0.498738956451416016E+01   -0.978249120712280273E+01   -0.750801801681518555E+01    0.540217494964599609E+01   -0.532557535171508789E+01    0.311177194118499756E+00    0.504782915115356445E+02    0.286613464355468750E+01   -0.422400585138918927E+03   -0.639896350544151460E+01    1
    0.405616378784179688E+01    0.799607992172241211E+01   -0.159047269821166992E+01   -0.380253124237060547E+01   -0.506920051574707031E+01    0.288061916828155518E+00    0.595096409320831299E+02    0.115625274181365967E+02   -0.422294140001443282E+03   -0.640146350544150433E+01    1
    0.563243293762207031E+01   -0.486032581329345703E+01   -0.623780393600463867E+01    0.329934740066528320E+01   -0.107101407051086426E+02    0.292151093482971191E+00    0.825521290302276611E+02    0.158256769180297852E+02   -0.422243536991811538E+03   -0.640396350544151272E+01    1
    0.434836864471435547E+01    0.613552665710449219E+01   -0.326153755187988281E+01    0.516240119934082031E+01   -0.197193145751953125E+01    0.302459716796875000E+00    0.897417426109313965E+02    0.740941524505615234E+01   -0.422210171316046910E+03   -0.640646350544151311E+01    1
    0.369285821914672852E+01    0.115007944107055664E+02   -0.118416137695312500E+02   -0.131614208221435547E+00   -0.977901792526245117E+01    0.989793062210083008E+00    0.459699034690856934E+02    0.746958255767822266E+00   -0.422209957801083192E+03   -0.640896350544153304E+01    1
    0.489798545837402344E+01   -0.843226861953735352E+01   -0.578881359100341797E+01    0.969964456558227539E+01    0.115391178131103516E+02    0.251190721988677979E+00    0.308603405952453613E+02    0.569284558296203613E+01   -0.422116653861897930E+03   -0.641146350544155297E+01    1
    0.463283872604370117E+01    0.636706352233886719E+00    0.110950756072998047E+02    0.565693759918212891E+01   -0.117097377777099609E+02    0.202268600463867188E+00    0.850883722305297852E+02    0.115133738517761230E+02   -0.422067417050616712E+03   -0.641396350544154892E+01    1
    0.359883499145507812E+01   -0.645021343231201172E+01    0.106091780662536621E+02   -0.662280750274658203E+01   -0.599535799026489258E+01    0.876340568065643311E+00    0.405870199203491211E+02    0.195647335052490234E+02   -0.422030010484943375E+03   -0.641646350544152533E+01    1
    0.523521566390991211E+01    0.144011163711547852E+01   -0.105741906166076660E+02   -0.184933376312255859E+01    0.103550534248352051E+02    0.891838729381561279E+00    0.754022419452667236E+02    0.415460109710693359E+01   -0.422023217770908616E+03   -0.641896350544152039E+01    1
    0.350702762603759766E+01   -0.115468840599060059E+02   -0.712212467193603516E+01   -0.109060478210449219E+02    0.711108398437500000E+01    0.994753360748291016E+00    0.105495214462280273E+02    0.118080782890319824E+02   -0.422013878521611559E+03   -0.642146350544151190E+01    1
    0.220248985290527344E+01    0.119145298004150391E+02    0.867414808273315430E+01   -0.515294408798217773E+01    0.594906520843505859E+01    0.500851035118103027E+00    0.114051640033721924E+02    0.111176240444183350E+02   -0.421999341316927712E+03   -0.642396350544151495E+01    1
    0.511244773864746094E+01   -0.267572450637817383E+01   -0.957527160644531250E-01   -0.112329425811767578E+02    0.692904138565063477E+01    0.453540802001953125E+00    0.417065501213073730E+02    0.192254173755645752E+02   -0.421997298158083538E+03   -0.642646350544152956E+01    1
    0.452494382858276367E+01    0.573206377029418945E+01   -0.113684663772583008E+02    0.416225910186767578E+00    0.245861721038818359E+01    0.248272597789764404E+00    0.811286091804504395E+02    0.167763590812683105E+02   -0.421993356956301682E+03   -0.642896350544153616E+01    1
    0.484375762939453125E+01    0.786582469940185547E+00    0.180514240264892578E+01    0.299497461318969727E+01   -0.836803722381591797E+01    0.866703629493713379E+00    0.960169494152069092E+02    0.460611104965209961E+01   -0.421970382984521791E+03   -0.643146350544153833E+01    1
    0.271917486190795898E+01   -0.101043434143066406E+02    0.781736612319946289E+01   -0.425559997558593750E+01   -0.115159749984741211E+02    0.282821655273437500E+00    0.226310908794403076E+02    0.466461181640625000E+01   -0.421949640553540746E+03   -0.643396350544153695E+01    1
    0.452619838714599609E+01   -0.454454898834228516E+00    0.109582986831665039E+02   -0.108156709671020508E+02    0.843467044830322266E+01    0.867944598197937012E+00    0.188675701618194580E+02    0.178334760665893555E+02   -0.421946724181283173E+03   -0.643646350544153023E+01    1
    0.251123857498168945E+01   -0.118291811943054199E+02    0.579265165328979492E+01    0.206534528732299805E+01   -0.549792909622192383E+01    0.186148941516876221E+00    0.871744751930236816E+02    0.314918756484985352E+00   -0.421938582966119839E+03   -0.643896350544152440E+01    1
    0.364298772811889648E+01    0.556559658050537109E+01    0.484953117370605469E+01    0.589905738830566406E+01   -0.764411687850952148E+01    0.189083814620971680E-02    0.684837758541107178E+02    0.603575706481933594E+01   -0.421927801938933158E+03   -0.644146350544153545E+01    1
    0.454713964462280273E+01   -0.651772785186767578E+01   -0.377566909790039062E+01   -0.107831182479858398E+02   -0.192710924148559570E+01    0.811055898666381836E+00    0.531588971614837646E+02    0.134065151214599609E+01   -0.421926221838069694E+03   -0.644396350544153229E+01    1
    0.270945739746093750E+01   -0.929420757293701172E+01    0.111073307991027832E+02    0.349577522277832031E+01   -0.624721240997314453E+01    0.257122814655303955E+00    0.884571194648742676E+02    0.151399707794189453E+02   -0.421895206770029631E+03   -0.644646350544153979E+01    1
    0.469830179214477539E+01   -0.327813577651977539E+01    0.329180002212524414E+01   -0.452901363372802734E+01    0.814041280746459961E+01    0.664286375045776367E+00    0.760298013687133789E+02    0.141961741447448730E+02   -0.421892260405995216E+03   -0.644896350544154906E+01    1
    0.447420215606689453E+01    0.274559497833251953E+00    0.945039653778076172E+01   -0.119696874618530273E+02   -0.147026824951171875E+01    0.546950280666351318E+00    0.389178395271301270E+01    0.176968157291412354E+02   -0.421890791083972886E+03   -0.645146350544151925E+01    1
    0.415640830993652344E+01   -0.793653059005737305E+01    0.201538181304931641E+01    0.108010082244873047E+02   -0.297133111953735352E+01    0.540434300899505615E+00    0.349025666713714600E+02    0.143106245994567871E+02   -0.421885946986475062E+03   -0.645396350544149033E+01    1
    0.498129701614379883E+01   -0.275737524032592773E+01   -0.518240118026733398E+01   -0.112977647781372070E+02    0.116661386489868164E+02    0.931916475296020508E+00    0.284359276294708252E+02    0.736570715904235840E+01   -0.421868176571078038E+03   -0.645646350544149072E+01    1
    0.279760837554931641E+01    0.896021890640258789E+01    0.573022270202636719E+01   -0.114002037048339844E+02    0.493692827224731445E+01    0.544978320598602295E+00    0.413992762565612793E+02    0.176188457012176514E+02   -0.421856878250206421E+03   -0.645896350544150355E+01    1
    0.280552768707275391E+01    0.970397186279296875E+01   -0.160343885421752930E+01    0.338534545898437500E+01    0.196331119537353516E+01    0.541760146617889404E+00    0.444306492805480957E+02    0.147498703002929688E+02   -0.421847550332423680E+03   -0.646146350544151460E+01    1
    0.373324155807495117E+01   -0.963278532028198242E+01   -0.682513761520385742E+01   -0.552850055694580078E+01    0.864189434051513672E+01    0.861883163452148438E-03    0.186202228069305420E+02    0.318745732307434082E+01   -0.421837355063998643E+03   -0.646396350544151854E+01    1
    0.494653272628784180E+01   -0.334952545166015625E+01   -0.554995822906494141E+01    0.111821093559265137E+02   -0.766552734375000000E+01    0.454381585121154785E+00    0.521779060363769531E+01    0.147316873073577881E+02   -0.421835905359989511E+03   -0.646646350544152693E+01    1
    0.283337116241455078E+01    0.774421691894531250E+01    0.803058528900146484E+01   -0.578531455993652344E+01   -0.112314047813415527E+02    0.132384300231933594E-01    0.272061526775360107E+02    0.293709397315979004E+01   -0.421833173961289333E+03   -0.646896350544151133E+01    1
    0.362249565124511719E+01   -0.111174073219299316E+02   -0.100607328414916992E+02   -0.467049551010131836E+01    0.384116792678833008E+01    0.931958436965942383E+00    0.860429704189300537E+02    0.129895210266113281E+00   -0.421829024777997290E+03   -0.647146350544151172E+01    1
    0.478378057479858398E+01   -0.171711587905883789E+01   -0.256130933761596680E+01   -0.690420770645141602E+01    0.424210882186889648E+01    0.486698329448699951E+00    0.606100797653198242E+02    0.158165895938873291E+02   -0.421825803359764052E+03   -0.647396350544154586E+01    1
    0.476076221466064453E+01    0.477579116821289062E+00   -0.112643451690673828E+02    0.482464027404785156E+01   -0.720109891891479492E+01    0.361199736595153809E+00    0.177038192749023438E+02    0.780052781105041504E+01   -0.421814926758439526E+03   -0.647646350544154359E+01    1
    0.440266370773315430E+01   -0.705689907073974609E+00    0.485692405700683594E+01   -0.158672046661376953E+01   -0.114506578445434570E+01    0.307595014572143555E+00    0.620157301425933838E+02    0.104768812656402588E+02   -0.421808919646191839E+03   -0.647896350544153865E+01    1
    0.239992046356201172E+01    0.888063669204711914E+01    0.442432165145874023E+01    0.101662173271179199E+02   -0.104089064598083496E+02    0.731981158256530762E+00    0.574291586875915527E+02    0.134089910984039307E+02   -0.421803745466922237E+03   -0.648146350544153194E+01    1
    0.407226705551147461E+01    0.392490863800048828E+00    0.883699035644531250E+01   -0.268312454223632812E+01   -0.433380317687988281E+01    0.334588468074798584E+00    0.536695778369903564E+02    0.102066493034362793E+02   -0.421799892147202911E+03   -0.648396350544150657E+01    1
    0.354037570953369141E+01   -0.740581226348876953E+01   -0.164937973022460938E-02   -0.779740476608276367E+01    0.276652622222900391E+01    0.664174497127532959E+00    0.598820626735687256E+02    0.929252505302429199E+01   -0.421797875541106180E+03   -0.648646350544150696E+01    1
    0.339924287796020508E+01    0.529788637161254883E+01    0.189751625061035156E+01    0.189492130279541016E+01   -0.997968435287475586E+01    0.848522305488586426E+00    0.949173569679260254E+02    0.369913578033447266E+00   -0.421797061506233604E+03   -0.648896350544150824E+01    1
    0.374673700332641602E+01    0.202385044097900391E+01    0.577667999267578125E+01    0.737339401245117188E+01    0.914405965805053711E+01    0.920138716697692871E+00    0.670510053634643555E+02    0.127863633632659912E+02   -0.421791691240997295E+03   -0.649146350544149886E+01    1
    0.464257335662841797E+01   -0.561042308807373047E+01   -0.950485754013061523E+01    0.717823219299316406E+01    0.186281204223632812E+01    0.513340771198272705E+00    0.120943009853363037E+02    0.164711666107177734E+02   -0.421791023360690815E+03   -0.649396350544152856E+01    1
    0.410336351394653320E+01   -0.411407375335693359E+01    0.343741178512573242E+01    0.354580879211425781E+00    0.112825527191162109E+02    0.615368187427520752E+00    0.462693572044372559E+01    0.679972887039184570E+01   -0.421783368267787807E+03   -0.649646350544153872E+01    1
    0.427696180343627930E+01    0.116198301315307617E+01   -0.602871608734130859E+01    0.111244440078735352E+02   -0.667012453079223633E+01    0.929212152957916260E+00    0.535230398178100586E+02    0.188146483898162842E+02   -0.421780979102078561E+03   -0.649896350544152046E+01    1
    0.345213460922241211E+01    0.267859125137329102E+01    0.817012453079223633E+01    0.214681148529052734E+00   -0.167968082427978516E+01    0.690838396549224854E+00    0.887270987033843994E+02    0.111363315582275391E+02   -0.421772629067558398E+03   -0.650146350544152618E+01    1
    0.439927339553833008E+01   -0.292122173309326172E+01   -0.200608777999877930E+01    0.760431861877441406E+01   -0.142777347564697266E+01    0.939917266368865967E+00    0.824625492095947266E+02    0.131485784053802490E+02   -0.421767567978977979E+03   -0.650396350544153723E+01    1
    0.401997756958007812E+01    0.201518869400024414E+01   -0.507059097290039062E+01    0.323394298553466797E+01   -0.686339092254638672E+01    0.220551669597625732E+00    0.617872893810272217E+02    0.196577453613281250E+02   -0.421765802765924036E+03   -0.650646350544155183E+01    1
    0.204064035415649414E+01    0.974912738800048828E+01    0.207667636871337891E+01    0.166997194290161133E+01    0.569130563735961914E+01    0.623422563076019287E+00    0.593259215354919434E+02    0.343704223632812500E+01   -0.421762637894021680E+03   -0.650896350544155666E+01    1
    0.382244968414306641E+01   -0.619693136215209961E+01    0.121418380737304688E+01    0.645186138153076172E+01   -0.492963409423828125E+01    0.726249516010284424E+00    0.897243976593017578E+02    0.155163812637329102E+02   -0.421760721849019774E+03   -0.651146350544154462E+01    1
    0.365496826171875000E+01    0.196979141235351562E+01    0.161041259765625000E+01   -0.700894546508789062E+01    0.167358970642089844E+01    0.940960586071014404E+00    0.443583667278289795E+02    0.115219628810882568E+02   -0.421751803676955262E+03   -0.651396350544152725E+01    1
    0.295861530303955078E+01   -0.116871657371520996E+02   -0.113489012718200684E+02   -0.216440963745117188E+01    0.466442871093750000E+01    0.474896907806396484E+00    0.990971088409423828E+02    0.915001869201660156E+01   -0.421749897836360503E+03   -0.651646350544151254E+01    1
    0.424365949630737305E+01   -0.256377983093261719E+01   -0.104663829803466797E+02   -0.696851348876953125E+01    0.735892009735107422E+01    0.219654500484466553E+00    0.296137571334838867E+02    0.119672489166259766E+02   -0.421746096846305193E+03   -0.651896350544152003E+01    1
    0.412933444976806641E+01   -0.367857885360717773E+01   -0.927842330932617188E+01   -0.217330455780029297E+01   -0.674729061126708984E+01    0.408889353275299072E+00    0.329798400402069092E+02    0.185187911987304688E+02   -0.421742131100992310E+03   -0.652146350544151776E+01    1
    0.377631998062133789E+01    0.322963714599609375E+00   -0.296612834930419922E+01   -0.978306198120117188E+01    0.101577444076538086E+02    0.746703326702117920E+00    0.494544029235839844E+02    0.158714997768402100E+02   -0.421739581194671132E+03   -0.652396350544151549E+01    1
    0.298156929016113281E+01    0.599344396591186523E+01   -0.117280654907226562E+02    0.119083642959594727E+02    0.760169076919555664E+01    0.432211160659790039E+00    0.629388630390167236E+02    0.137723278999328613E+02   -0.421738690798293931E+03   -0.652646350544154163E+01    1
    0.400158834457397461E+01   -0.357561922073364258E+01   -0.820145273208618164E+01    0.598111724853515625E+01    0.101977629661560059E+02    0.489581167697906494E+00    0.286085724830627441E+02    0.236799001693725586E+01   -0.421738276430678297E+03   -0.652896350544154469E+01    1
    0.377221870422363281E+01   -0.507233762741088867E+01   -0.314602231979370117E+01    0.910263776779174805E+01    0.606451892852783203E+01    0.257352173328399658E+00    0.419319212436676025E+02    0.193072342872619629E+02   -0.421738161201189200E+03   -0.653146350544152288E+01    1
    0.276621294021606445E+01   -0.503762626647949219E+01    0.102550907135009766E+02   -0.310888910293579102E+01   -0.109700560569763184E+02    0.842930138111114502E+00    0.563203215599060059E+02    0.148578488826751709E+02   -0.421737774911359622E+03   -0.653396350544150284E+01    1
    0.402576541900634766E+01   -0.312307405471801758E+01   -0.107027750015258789E+02    0.681382369995117188E+01    0.133291625976562500E+01    0.635687828063964844E+00    0.281530261039733887E+02    0.540547370910644531E+00   -0.421736991575532954E+03   -0.653646350544152011E+01    1
    0.146778059005737305E+01    0.114123415946960449E+02   -0.620562171936035156E+01    0.113200063705444336E+02    0.377797508239746094E+01    0.173902630805969238E+00    0.543009757995605469E+02    0.582312703132629395E+01   -0.421736235811481720E+03   -0.653896350544151694E+01    1
    0.305239391326904297E+01    0.371895360946655273E+01   -0.435779714584350586E+01    0.708822584152221680E+01    0.109049706459045410E+02    0.453480422496795654E+00    0.732776403427124023E+02    0.376620292663574219E+00   -0.421735811739572171E+03   -0.654146350544151645E+01    1
    0.642804622650146484E+00    0.118626079559326172E+02    0.549099826812744141E+01    0.627429628372192383E+01    0.983842706680297852E+01    0.897215425968170166E+00    0.866323947906494141E+02    0.186543607711791992E+02   -0.421733248517038135E+03   -0.654396350544152305E+01    1
    0.329735326766967773E+01   -0.690103054046630859E+00    0.602921962738037109E+01    0.326267051696777344E+01   -0.531923675537109375E+01    0.678328275680541992E+00    0.603984475135803223E+02    0.197489356994628906E+02   -0.421732357639924714E+03   -0.654646350544150213E+01    1
    0.149979829788208008E+01    0.901800727844238281E+01    0.462775039672851562E+01   -0.710679960250854492E+01    0.124676227569580078E+00    0.183153033256530762E+00    0.977825164794921875E+02    0.525003075599670410E+01   -0.421731780769120633E+03   -0.654896350544151318E+01    1
    0.266787385940551758E+01    0.554306745529174805E+01   -0.370231676101684570E+01   -0.109738397598266602E+02   -0.677834558486938477E+01    0.331407964229583740E+00    0.173021554946899414E+02    0.136782991886138916E+02   -0.421730944564388608E+03   -0.655146350544153577E+01    1
    0.340097951889038086E+01   -0.495561933517456055E+01   -0.181573963165283203E+01    0.653986930847167969E+01    0.940830373764038086E+01    0.985469698905944824E+00    0.872703731060028076E+02    0.281353354454040527E+01   -0.421730873748980684E+03   -0.655396350544152639E+01    1
    0.331794261932373047E+01   -0.356811904907226562E+01    0.175638771057128906E+01    0.835811948776245117E+01   -0.762167930603027344E+00    0.498216331005096436E+00    0.584755420684814453E+02    0.655327677726745605E+01   -0.421728968900506004E+03   -0.655646350544151346E+01    1
    0.138828134536743164E+01    0.113109240531921387E+02   -0.888913393020629883E+01    0.423566293716430664E+01   -0.110178208351135254E+02    0.461051523685455322E+00    0.103288054466247559E+02    0.154201185703277588E+02   -0.421728550062822592E+03   -0.655896350544154050E+01    1
    0.326654863357543945E+01   -0.726472377777099609E+00   -0.278878068923950195E+01    0.800992012023925781E+00    0.516192626953125000E+01    0.398871958255767822E+00    0.838972210884094238E+02    0.137901306152343750E+00   -0.421727549982405890E+03   -0.656146350544153023E+01    1
    0.271376037597656250E+01   -0.172007274627685547E+01    0.100632290840148926E+02   -0.764174938201904297E+01   -0.269674015045166016E+01    0.571511268615722656E+00    0.715117514133453369E+02    0.939738631248474121E+01   -0.421726836086928358E+03   -0.656396350544149687E+01    1
    0.937887668609619141E+00    0.109775776863098145E+02   -0.152081823348999023E+01   -0.502035140991210938E+00   -0.120665216445922852E+01    0.600426435470581055E+00    0.360535800457000732E+02    0.518940687179565430E+01   -0.421726687249716178E+03   -0.656646350544152924E+01    1
    0.130391263961791992E+01    0.112580351829528809E+02   -0.889812898635864258E+01   -0.237806224822998047E+01   -0.942556142807006836E+01    0.447175443172454834E+00    0.783324241638183594E+00    0.158510243892669678E+02   -0.421726602546119182E+03   -0.656896350544153496E+01    1
    0.164033460617065430E+01   -0.865961122512817383E+01    0.380951929092407227E+01   -0.134093999862670898E+01   -0.782954692840576172E+00    0.891775012016296387E+00    0.445905745029449463E+02    0.348775863647460938E+01   -0.421726505692031139E+03   -0.657146350544153623E+01    1
    0.747299194335937500E+00    0.942169618606567383E+01    0.628431129455566406E+01    0.623398733139038086E+01   -0.410152244567871094E+01    0.787361681461334229E+00    0.129828512668609619E+02    0.592623710632324219E+01   -0.421726349893964539E+03   -0.657396350544153485E+01    1
    0.209298706054687500E+01   -0.792947530746459961E+01    0.468091535568237305E+01    0.118441715240478516E+02    0.329840469360351562E+01    0.610648870468139648E+00    0.809018492698669434E+02    0.112615191936492920E+02   -0.421726092374649568E+03   -0.657646350544153258E+01    1
    0.123624944686889648E+01    0.956618785858154297E+01   -0.208792877197265625E+01   -0.674079751968383789E+01    0.831284809112548828E+01    0.752891063690185547E+00    0.362453758716583252E+02    0.114893150329589844E+02   -0.421725782571084039E+03   -0.657896350544154984E+01    1
    0.238566684722900391E+01   -0.482013988494873047E+01    0.573948526382446289E+01   -0.780366897583007812E+01   -0.115040202140808105E+02    0.456387877464294434E+00    0.887573778629302979E+02    0.782141685485839844E+00   -0.421725727877319912E+03   -0.658146350544153069E+01    1
    0.332299375534057617E+01   -0.336004257202148438E+01   -0.960810327529907227E+01    0.108309102058410645E+02    0.651479959487915039E+01    0.815715491771697998E+00    0.708715915679931641E+02    0.196598184108734131E+02   -0.421725541824137792E+03   -0.658396350544152664E+01    1
    0.714862346649169922E+00   -0.110132632255554199E+02    0.280334186553955078E+01   -0.683287954330444336E+01   -0.642597484588623047E+01    0.653310596942901611E+00    0.505164563655853271E+02    0.176326620578765869E+02   -0.421725229766548182E+03   -0.658646350544151371E+01    1
    0.255360746383666992E+01   -0.863392639160156250E+01   -0.119885258674621582E+02   -0.194665575027465820E+01   -0.189953613281250000E+01    0.959243655204772949E+00    0.965752243995666504E+02    0.150811672210693359E+02   -0.421724331568721993E+03   -0.658896350544149989E+01    1
    0.124256515502929688E+01    0.640857982635498047E+01    0.362966251373291016E+01    0.542952775955200195E+01    0.846076440811157227E+01    0.285207450389862061E+00    0.426728606224060059E+02    0.631048679351806641E+01   -0.421724236040182006E+03   -0.659146350544150383E+01    1
    0.296862459182739258E+01   -0.235715675354003906E+01   -0.741059875488281250E+01    0.468686771392822266E+01   -0.226831626892089844E+01    0.670123577117919922E+00    0.904100775718688965E+02    0.878079175949096680E+01   -0.421723873514931711E+03   -0.659396350544150245E+01    1
    0.187041521072387695E+01    0.481483697891235352E+01   -0.721698760986328125E+00   -0.771928882598876953E+01    0.404655933380126953E+00    0.165850639343261719E+00    0.212610423564910889E+02    0.415889620780944824E+01   -0.421723834060775630E+03   -0.659646350544153037E+01    1
    0.632603645324707031E+00    0.766369485855102539E+01    0.890671348571777344E+01    0.196749114990234375E+01    0.110432581901550293E+02    0.737745702266693115E+00    0.958630502223968506E+02    0.164250218868255615E+02   -0.421723765132375206E+03   -0.659896350544154586E+01    1
    0.240455818176269531E+01   -0.154644012451171875E+00    0.469694852828979492E+01    0.117911081314086914E+02   -0.840415477752685547E+01    0.881193101406097412E+00    0.941432774066925049E+02    0.142277169227600098E+02   -0.421723706086043535E+03   -0.660146350544153382E+01    1
    0.831539154052734375E+00    0.664823055267333984E+01    0.480702781677246094E+01    0.117434678077697754E+02    0.908103418350219727E+01    0.635190606117248535E+00    0.550769090652465820E+02    0.164297080039978027E+02   -0.421723405035656015E+03   -0.660396350544152799E+01    1
    0.260440635681152344E+01    0.858883380889892578E+00   -0.956084918975830078E+01   -0.315578413009643555E+01   -0.966009235382080078E+01    0.522660374641418457E+00    0.646737217903137207E+01    0.501312732696533203E+01   -0.421723252920288644E+03   -0.660646350544152128E+01    1
    0.172297239303588867E+01   -0.815593528747558594E+01    0.673134326934814453E+00    0.739958238601684570E+01   -0.966020107269287109E+00    0.361242771148681641E+00    0.969892740249633789E+01    0.669958949089050293E+01   -0.421723246826716490E+03   -0.660896350544152167E+01    1
    0.845689773559570312E-01   -0.107490205764770508E+02    0.965153360366821289E+01    0.964944648742675781E+01    0.424820995330810547E+01    0.453280210494995117E+00    0.523307561874389648E+02    0.864628791809082031E+01   -0.421723240517349325E+03   -0.661146350544150341E+01    1
    0.169661664962768555E+01    0.653232765197753906E+01   -0.928707504272460938E+01   -0.428563928604125977E+01   -0.108201498985290527E+02    0.162149012088775635E+00    0.746384978294372559E+02    0.173866009712219238E+02   -0.421723174678261216E+03   -0.661396350544151090E+01    1
    0.146305274963378906E+01   -0.913964796066284180E+01   -0.235018873214721680E+01    0.271067905426025391E+01    0.105002088546752930E+02    0.585087299346923828E+00    0.528767406940460205E+02    0.152655863761901855E+02   -0.421723143694567682E+03   -0.661646350544152284E+01    1
    0.265979433059692383E+01   -0.147423219680786133E+01   -0.832448959350585938E+01    0.722709846496582031E+01    0.798215818405151367E+01    0.218715965747833252E+00    0.545094192028045654E+02    0.961166620254516602E+00   -0.421723076307062911E+03   -0.661896350544151524E+01    1
    0.257579612731933594E+01   -0.134229326248168945E+01   -0.450914525985717773E+01    0.646300220489501953E+01   -0.131605625152587891E+01    0.714336633682250977E+00    0.601760387420654297E+02    0.450881600379943848E+01   -0.421723064088175079E+03   -0.662146350544153428E+01    1
   -0.334143161773681641E+00    0.105205378532409668E+02    0.911382150650024414E+01    0.613953781127929688E+01   -0.452703237533569336E+01    0.310950398445129395E+00    0.709481537342071533E+02    0.121348416805267334E+02   -0.421723042969368009E+03   -0.662396350544155332E+01    1
    0.202402353286743164E+01    0.554075717926025391E+00    0.519946575164794922E+01    0.279231977462768555E+01    0.900799512863159180E+01    0.405417561531066895E+00    0.950593769550323486E+02    0.191019308567047119E+02   -0.421722950258847504E+03   -0.662646350544154661E+01    1
    0.208881425857543945E+01    0.313669681549072266E+00    0.404437637329101562E+01    0.509555912017822266E+01   -0.750754594802856445E+01    0.768724381923675537E+00    0.647024571895599365E+02    0.871384501457214355E+01   -0.421722918183018180E+03   -0.662896350544150970E+01    1
    0.877046585083007812E-01    0.117233104705810547E+02   -0.342188501358032227E+01    0.381374216079711914E+01   -0.106212759017944336E+02    0.225484371185302734E-02    0.133954465389251709E+02    0.221352458000183105E+01   -0.421722917262371368E+03   -0.663146350544149499E+01    1
    0.153440093994140625E+01    0.512656402587890625E+01   -0.441917610168457031E+01    0.412960624694824219E+01   -0.104312896728515625E+00    0.969472348690032959E+00    0.658565759658813477E+01    0.154210186004638672E+02   -0.421722899647414522E+03   -0.663396350544150870E+01    1
    0.143086338043212891E+01   -0.629061698913574219E+01    0.425637817382812500E+01   -0.422153949737548828E+00    0.109146351814270020E+02    0.232863605022430420E+00    0.656198501586914062E+02    0.727076649665832520E+01   -0.421722823903406834E+03   -0.663646350544150021E+01    1
    0.225428152084350586E+01    0.112312173843383789E+01   -0.549875164031982422E+01   -0.817404270172119141E+00    0.243270921707153320E+01    0.446885824203491211E-02    0.215284645557403564E+02    0.116834521293640137E+01   -0.421722821243931548E+03   -0.663896350544151659E+01    1
    0.559910774230957031E+00    0.837502241134643555E+01    0.205340194702148438E+01   -0.592859888076782227E+01    0.100501570701599121E+02    0.334306478500366211E+00    0.260115563869476318E+02    0.121312117576599121E+02   -0.421722798155147700E+03   -0.664146350544151787E+01    1
    0.135530519485473633E+01   -0.902253770828247070E+01   -0.187784671783447266E+00    0.946525096893310547E+01    0.457503318786621094E+01    0.820134460926055908E+00    0.890251874923706055E+02    0.439382791519165039E+00   -0.421722757040625709E+03   -0.664396350544149605E+01    1
    0.527355194091796875E+00    0.566186428070068359E+01    0.111775317192077637E+02    0.476980876922607422E+01    0.508852958679199219E+00    0.478009581565856934E+00    0.592569053173065186E+02    0.131323933601379395E+02   -0.421722699782506879E+03   -0.664646350544150177E+01    1
    0.238051986694335938E+01   -0.459055852890014648E+01   -0.491306877136230469E+01    0.718094015121459961E+01   -0.951741600036621094E+01    0.474006175994873047E+00    0.964814186096191406E+02    0.104885435104370117E+02   -0.421722624822171269E+03   -0.664896350544150394E+01    1
    0.151061010360717773E+01    0.603805589675903320E+01   -0.103185267448425293E+02   -0.905458116531372070E+01    0.574824571609497070E+01    0.842595994472503662E+00    0.206500470638275146E+02    0.192301368713378906E+02   -0.421722551018510785E+03   -0.665146350544150700E+01    1
   -0.184392929077148438E+00    0.874056816101074219E+01    0.103765425682067871E+02   -0.122059822082519531E+01    0.518078327178955078E+00    0.294072091579437256E+00    0.846581101417541504E+02    0.126500093936920166E+02   -0.421722493898930566E+03   -0.665396350544153758E+01    1
    0.181884813308715820E+01    0.387181377410888672E+01   -0.107980227470397949E+02   -0.727496337890625000E+01    0.142083835601806641E+01    0.488878309726715088E+00    0.387790858745574951E+02    0.168431532382965088E+02   -0.421722454415596587E+03   -0.665646350544154952E+01    1
   -0.709977149963378906E-01    0.103457293510437012E+02   -0.238749504089355469E+00   -0.135238265991210938E+01    0.181925153732299805E+01    0.210940420627593994E+00    0.475459158420562744E+02    0.107503592967987061E+02   -0.421722398109021981E+03   -0.665896350544153570E+01    1
    0.160274648666381836E+01    0.178192949295043945E+01    0.294750452041625977E+01    0.345791530609130859E+01   -0.984941339492797852E+01    0.981679141521453857E+00    0.902579724788665771E+02    0.890773415565490723E+01   -0.421722336179880585E+03   -0.666146350544152188E+01    1
   -0.243142604827880859E+00   -0.101978874206542969E+02    0.911954069137573242E+01    0.105137829780578613E+02    0.945557498931884766E+01    0.661064684391021729E+00    0.304080009460449219E+02    0.178980088233947754E+02   -0.421722320189309926E+03   -0.666396350544151161E+01    1
    0.903965950012207031E+00    0.456801509857177734E+01    0.640465879440307617E+01   -0.117070384025573730E+02    0.700377416610717773E+01    0.661250174045562744E+00    0.747288525104522705E+02    0.277256846427917480E+01   -0.421722319354980016E+03   -0.666646350544151556E+01    1
    0.166631269454956055E+01    0.154458618164062500E+01   -0.270663070678710938E+01    0.107161545753479004E+02   -0.503088855743408203E+01    0.370799243450164795E+00    0.757626354694366455E+02    0.143441200256347656E+01   -0.421722312147792081E+03   -0.666896350544149996E+01    1
    0.226979112625122070E+01   -0.295803737640380859E+01   -0.114264950752258301E+02   -0.151365280151367188E+01   -0.915010786056518555E+01    0.745159149169921875E+00    0.306491732597351074E+02    0.725388884544372559E+01   -0.421722300227866356E+03   -0.667146350544150746E+01    1
    0.102728176116943359E+01    0.399013137817382812E+01    0.440935277938842773E+01   -0.623397731781005859E+01   -0.110679345130920410E+02    0.681116223335266113E+00    0.498956084251403809E+02    0.947953343391418457E+01   -0.421722255746024928E+03   -0.667396350544151140E+01    1
    0.192173480987548828E+01   -0.382653379440307617E+01   -0.254457235336303711E+01    0.398693132400512695E+01    0.873886013031005859E+01    0.757578849792480469E+00    0.286662995815277100E+02    0.541627407073974609E-01   -0.421722221984431940E+03   -0.667646350544149936E+01    1
   -0.165072441101074219E+00    0.103046736717224121E+02   -0.251005840301513672E+01   -0.128465652465820312E+00    0.603058290481567383E+01    0.943149447441101074E+00    0.384992480278015137E+02    0.997304201126098633E+01   -0.421722217256536055E+03   -0.667896350544150152E+01    1
    0.148124885559082031E+01    0.877880573272705078E+00    0.175260543823242188E+00    0.107361717224121094E+02    0.730897808074951172E+01    0.943077564239501953E+00    0.175448894500732422E+02    0.227449178695678711E+01   -0.421722184300881281E+03   -0.668146350544149747E+01    1
   -0.112168693542480469E+01    0.116621689796447754E+02    0.736092567443847656E+01   -0.212612915039062500E+01   -0.229066228866577148E+01    0.143017768859863281E+00    0.557621598243713379E+02    0.147530674934387207E+02   -0.421722123482246047E+03   -0.668396350544151296E+01    1
    0.184181213378906250E+01   -0.256793975830078125E+00   -0.868200302124023438E+01   -0.466743135452270508E+01    0.580300855636596680E+01    0.844338834285736084E+00    0.429739952087402344E+01    0.140227401256561279E+02   -0.421722114419559148E+03   -0.668646350544152668E+01    1
   -0.759605884552001953E+00    0.956057310104370117E+01    0.946242284774780273E+01   -0.505782365798950195E+01    0.779624748229980469E+01    0.302473723888397217E+00    0.984554886817932129E+01    0.159717381000518799E+02   -0.421722111640811022E+03   -0.668896350544152263E+01    1
    0.179854345321655273E+01   -0.276346921920776367E+01   -0.301280450820922852E+01    0.794921064376831055E+01    0.119784321784973145E+02    0.424459755420684814E+00    0.314695477485656738E+02    0.234708786010742188E+00   -0.421722110178630942E+03   -0.669146350544153190E+01    1
    0.148402690887451172E+01    0.116268253326416016E+01   -0.139703750610351562E+01   -0.109611697196960449E+02    0.745880699157714844E+01    0.317100644111633301E+00    0.519563734531402588E+02    0.589125156402587891E+01   -0.421722094284674938E+03   -0.669396350544152785E+01    1
    0.157690286636352539E+01   -0.531866455078125000E+01   -0.737873268127441406E+01   -0.926874589920043945E+01    0.240425634384155273E+01    0.640686571598052979E+00    0.853953599929809570E+02    0.157213211059570312E-01   -0.421722066462325358E+03   -0.669646350544153623E+01    1
    0.125827360153198242E+01   -0.809659767150878906E+01   -0.101245222091674805E+02   -0.104564423561096191E+02   -0.762886619567871094E+01    0.824442625045776367E+00    0.490911722183227539E+02    0.173934721946716309E+02   -0.421722052707941032E+03   -0.669896350544153307E+01    1
    0.269851684570312500E-01   -0.103833646774291992E+02   -0.146350908279418945E+01   -0.258187723159790039E+01   -0.920514106750488281E+00    0.949778437614440918E+00    0.327626526355743408E+02    0.152011585235595703E+02   -0.421722035323689624E+03   -0.670146350544152813E+01    1
    0.178904056549072266E+00   -0.115353984832763672E+02   -0.551262760162353516E+01   -0.855116844177246094E+00   -0.863804054260253906E+01    0.774910509586334229E+00    0.213718354701995850E+02    0.145873236656188965E+02   -0.421722035294227112E+03   -0.670396350544153474E+01    1
   -0.278702259063720703E+00    0.932669734954833984E+01   -0.452075242996215820E+01    0.105641727447509766E+02   -0.105894899368286133E+01    0.522577166557312012E+00    0.716532468795776367E+02    0.681746244430541992E+01   -0.421722033225782923E+03   -0.670646350544153957E+01    1
    0.232260704040527344E+00    0.559056901931762695E+01    0.256203746795654297E+01    0.309823608398437500E+01    0.787467384338378906E+01    0.940790832042694092E+00    0.331053018569946289E+02    0.729068040847778320E+01   -0.421722030405223450E+03   -0.670896350544154174E+01    1
    0.138235759735107422E+01   -0.645909404754638672E+01   -0.468853282928466797E+01    0.778993177413940430E+01    0.750914096832275391E+00    0.673662960529327393E+00    0.233833491802215576E+02    0.155976200103759766E+02   -0.421722022631973005E+03   -0.671146350544151993E+01    1
   -0.327697277069091797E+00    0.785190582275390625E+01    0.447161722183227539E+01   -0.420373249053955078E+01    0.558101606369018555E+01    0.631738603115081787E+00    0.103673338890075684E+02    0.566156506538391113E+01   -0.421722009828821456E+03   -0.671396350544151943E+01    1
    0.133046579360961914E+01   -0.443452119827270508E+01    0.148750448226928711E+01    0.748217439651489258E+01   -0.982953929901123047E+01    0.249010086059570312E+00    0.261336982250213623E+02    0.806786417961120605E+01   -0.421721993805325894E+03   -0.671646350544153314E+01    1
    0.640495777130126953E+00    0.505749607086181641E+01   -0.592162799835205078E+01    0.537579202651977539E+01   -0.101730694770812988E+02    0.668536484241485596E+00    0.540450036525726318E+02    0.107410943508148193E+02   -0.421721991322475219E+03   -0.671896350544153709E+01    1
   -0.405926227569580078E+00    0.101740651130676270E+02   -0.115818142890930176E+02    0.113247714042663574E+02    0.632976865768432617E+01    0.173637032508850098E+00    0.306939542293548584E+02    0.297758460044860840E+01   -0.421721954218455664E+03   -0.672146350544153126E+01    1
    0.860146522521972656E+00   -0.192463588714599609E+01    0.112512416839599609E+02    0.601259994506835938E+01   -0.602809524536132812E+01    0.507624864578247070E+00    0.477545022964477539E+02    0.162453198432922363E+02   -0.421721951040812371E+03   -0.672396350544153432E+01    1
    0.255676746368408203E+00    0.398413038253784180E+01    0.337691974639892578E+01    0.605017662048339844E+01   -0.703829669952392578E+01    0.254644155502319336E-01    0.705510973930358887E+02    0.102078938484191895E+02   -0.421721947984053941E+03   -0.672646350544153382E+01    1
